1000
40
21
28
33
25
20
25
23
29
18
52
34
55
69
35
68
39
61
50
51
44
24
34
36
70
59
26
60
68
22
22
57
22
38
59
24
56
69
32
30
69
29
54
38
35
19
69
35
18
52
38
39
44
65
65
55
59
53
44
42
26
48
65
20
35
35
34
31
65
39
24
38
40
51
19
19
25
48
36
25
69
60
34
38
66
65
48
42
32
38
48
36
49
48
22
37
54
33
26
18
29
18
59
42
25
68
35
36
32
66
58
56
30
29
24
37
44
63
69
64
26
53
52
40
65
48
63
46
55
18
70
61
28
69
64
38
55
64
65
42
50
51
27
63
65
46
19
32
37
19
47
33
22
28
50
52
34
47
61
44
20
51
31
61
64
59
64
46
41
37
39
54
65
44
53
50
64
47
37
63
66
38
51
47
53
29
52
46
66
39
20
70
29
60
68
55
36
58
41
25
42
48
58
32
54
49
41
62
66
66
47
40
64
50
68
26
62
38
29
24
44
48
40
18
36
57
44
35
35
27
22
68
64
42
69
63
32
30
38
32
39
35
33
33
38
52
21
35
28
23
39
40
27
45
50
20
27
40
54
64
41
44
29
29
45
63
66
55
42
47
52
20
18
44
24
33
44
61
66
29
69
18
44
47
68
59
46
51
32
30
20
31
23
63
26
37
31
40
34
34
42
70
43
61
46
41
23
67
34
33
19
67
39
67
44
64
38
55
43
47
18
48
60
48
19
47
63
38
41
46
19
22
49
34
30
59
53
31
27
55
62
40
53
50
49
42
32
42
37
31
69
20
29
60
55
64
68
21
20
31
26
33
52
63
20
52
70
40
56
44
29
54
67
41
38
50
23
59
38
26
64
56
51
60
49
59
57
19
20
46
38
30
52
60
59
52
28
30
20
24
60
45
45
22
30
29
51
20
60
41
55
43
33
41
46
66
59
19
56
39
54
45
63
19
65
62
35
22
39
26
70
20
48
43
25
69
58
56
59
55
54
56
37
56
50
47
24
23
40
33
19
44
52
33
56
64
53
37
60
59
49
37
39
33
63
66
31
18
51
47
27
42
19
42
40
33
69
55
61
35
20
66
30
64
41
47
50
18
65
35
52
43
50
60
60
42
51
57
33
48
39
39
62
31
35
31
22
19
27
29
66
60
45
55
33
30
60
29
31
38
60
21
46
35
43
57
57
55
35
33
56
52
41
20
24
54
67
69
64
53
19
32
30
33
41
70
44
21
44
37
66
68
20
26
63
46
69
19
46
48
33
33
42
42
18
53
39
62
46
56
68
68
55
58
41
32
52
61
61
37
40
43
41
59
57
55
19
46
45
39
46
18
39
43
28
34
28
26
26
35
24
24
45
58
25
48
68
25
47
26
43
46
37
62
30
39
25
30
49
67
22
43
25
63
19
40
26
26
47
56
55
54
61
67
47
48
34
25
44
25
65
42
42
48
54
58
46
59
53
22
46
22
43
34
19
53
57
64
54
24
56
65
54
29
29
58
70
19
32
36
20
52
55
46
66
68
21
26
19
20
57
43
69
31
51
47
46
37
53
56
36
23
63
23
32
51
56
56
23
20
23
52
23
34
44
63
19
70
52
19
30
65
61
30
64
40
43
52
32
37
45
21
67
58
62
68
30
39
29
66
42
39
57
50
35
21
50
30
35
65
37
20
55
25
41
48
47
40
27
43
25
38
69
43
55
28
47
55
65
48
54
53
68
61
28
28
46
18
24
27
56
37
37
69
37
51
23
23
65
69
49
42
21
59
43
19
38
67
70
61
29
28
28
31
64
35
62
42
25
28
40
40
69
47
25
60
48
61
53
67
20
25
70
27
47
50
59
70
62
69
56
62
42
22
42
60
37
56
43
35
32
21
46
32
33
60
36
53
28
44
63
58
37
19
35
70
48
25
46
55
24
24
50
50
47
55
45
54
63
70
64
60
53
61
43
49
70
68
24
45
33
56
47
46
69
55
24
59
47
29
29
18
63
20
64
55
39
29
33
44
34
34
27
29
40
63
19
54
61
24
19
34
28
53
29
48
62
48
40
32
56
25
63
34
26
65
68
32
36
53
39
21
56
43
38
30
70
61
69
35
18
45
53
53
20
65
21
20
30
37
29
44
47
53
65
27
54
53
33
35
37
37
24
27
43
22
63
37
32
48
61
57
67
56
24
55
50
51
31
34
27
68
62
25
19
43
49
60
54
64
58
47
27
34
52
50
26
46
24
37
58
22
63
46
57
68
43
39
35
23